path = [[ 3.6448834771250116 , -2.5740200989422504 , 0 ] ,
[ 7.406912796397062 , -5.613980327721778 , 1 ] ,
[ 10.935649395062915 , -8.47818011594869 , 2 ] ,
[ 14.242254562578681 , -11.175066013552888 , 3 ] ,
[ 17.337511998372438 , -13.712798044256324 , 4 ] ,
[ 20.23183575512936 , -16.09925571537624 , 5 ] ,
[ 22.935278103172536 , -18.342043968423475 , 6 ] ,
[ 25.457537315939433 , -20.44849907049591 , 7 ] ,
[ 27.807965376554073 , -22.425694446466963 , 8 ] ,
[ 29.995575605494864 , -24.28044645196927 , 9 ] ,
[ 32.02905020935806 , -26.019320087173377 , 10 ] ,
[ 33.916747750716986 , -27.648634651361604 , 11 ] ,
[ 35.66671053907687 , -29.17446933829697 , 12 ] ,
[ 37.286671942925324 , -30.602668772387247 , 13 ] ,
[ 38.7840636228786 , -31.9388484856441 , 14 ] ,
[ 40.166022685923416 , -33.18840033543733 , 15 ] ,
[ 41.4393987607545 , -34.356497863044225 , 16 ] ,
[ 42.610760994207816 , -35.448101592994036 , 17 ] ,
[ 43.68640496878945 , -36.4679642732075 , 18 ] ,
[ 44.67235954130013 , -37.420636055931524 , 19 ] ,
[ 45.57439360255551 , -38.31046961946892 , 20 ] ,
[ 46.39802275820204 , -39.141625230703305 , 21 ] ,
[ 47.14851593062857 , -39.91807574841904 , 22 ] ,
[ 47.83090188197357 , -40.64361156741631 , 23 ] ,
[ 48.44997565822806 , -41.321845503421265 , 24 ] ,
[ 49.01030495443423 , -41.95621761879137 , 25 ] ,
[ 49.51623640097971 , -42.5499999890157 , 26 ] ,
[ 49.97190177098746 , -43.10630141001048 , 27 ] ,
[ 50.38122410880143 , -43.62807204620961 , 28 ] ,
[ 50.74792377956788 , -44.11810801945041 , 29 ] ,
[ 51.07552443991224 , -44.579055938654356 , 30 ] ,
[ 51.36735892971188 , -45.01341737030302 , 31 ] ,
[ 51.626575084964266 , -45.42355324970903 , 32 ] ,
[ 51.85614147175109 , -45.81168823308216 , 33 ] ,
[ 52.05885304129778 , -46.17991499039055 , 34 ] ,
[ 52.23733670612898 , -46.53019843901699 , 35 ] ,
[ 52.394056837319425 , -46.86437991821036 , 36 ] ,
[ 52.53132068284066 , -47.18418130433208 , 37 ] ,
[ 52.651283707003365 , -47.49120906689774 , 38 ] ,
[ 52.75595485099544 , -47.786958265413865 , 39 ] ,
[ 52.847201714515634 , -48.07281648700965 , 40 ] ,
[ 52.92675565850291 , -48.3500677248639 , 41 ] ,
[ 52.99621682896149 , -48.61989619742708 , 42 ] ,
[ 53.057059101881606 , -48.8833901084384 , 43 ] ,
[ 53.11063494925587 , -49.14154534773812 , 44 ] ,
[ 53.15818022619124 , -49.3952691328747 , 45 ] ,
[ 53.20081887911685 , -49.64538359150744 , 46 ] ,
[ 53.23956757508743 , -49.89262928460387 , 47 ] ,
[ 53.27534025218229 , -50.13766867043249 , 48 ] ,
[ 53.30895259100018 , -50.38108950935037 , 49 ] ,
[ 53.34112640724955 , -50.623408209386085 , 50 ] ,
[ 53.3724939654348 , -50.86507311261776 , 51 ] ,
[ 53.40360221363806 , -51.106467722345805 , 52 ] ,
[ 53.434916939396444 , -51.34791387106148 , 53 ] ,
[ 53.46682684667538 , -51.58967482920971 , 54 ] ,
[ 53.499647553937166 , -51.83195835474782 , 55 ] ,
[ 53.53362551330584 , -52.07491968349873 , 56 ] ,
[ 53.56894185082667 , -52.318664460299715 , 57 ] ,
[ 53.605716127822554 , -52.563251610945834 , 58 ] ,
[ 53.6440100233453 , -52.808696154928874 , 59 ] ,
[ 53.68383093772266 , -53.054971958971244 , 60 ] ,
[ 53.72513551720128 , -53.30201443135474 , 61 ] ,
[ 53.76783309968516 , -53.5497231570448 , 62 ] ,
[ 53.81178908156986 , -53.79796447360971 , 63 ] ,
[ 53.856828205672265 , -54.04657398793467 , 64 ] ,
[ 53.90273777025623 , -54.29535903373134 , 65 ] ,
[ 53.949270759153606 , -54.5441010698423 , 66 ] ,
[ 53.996148892981154 , -54.79255801934057 , 67 ] ,
[ 54.04306560145332 , -55.040466549424465 , 68 ] ,
[ 54.08968891679012 , -55.28754429210715 , 69 ] ,
[ 54.135664288221136 , -55.5334920057017 , 70 ] ,
[ 54.18061731758501 , -55.77799567710111 , 71 ] ,
[ 54.22415641602496 , -56.020728564853194 , 72 ] ,
[ 54.26587538177918 , -56.26135318303097 , 73 ] ,
[ 54.3053558990679 , -56.499523225898066 , 74 ] ,
[ 54.3421699580755 , -56.734885433368824 , 75 ] ,
[ 54.3758821960282 , -56.967081397263925 , 76 ] ,
[ 54.406052159367796 , -57.19574930836117 , 77 ] ,
[ 54.43223648702116 , -57.42052564424115 , 78 ] ,
[ 54.4539910147647 , -57.641046797927714 , 79 ] ,
[ 54.47087280068554 , -57.8569506473243 , 80 ] ,
[ 54.48244207173708 , -58.06787806544484 , 81 ] ,
[ 54.48826409139213 , -58.27347437143992 , 82 ] ,
[ 54.487910948388816 , -58.47339072241769 , 83 ] ,
[ 54.48096326657552 , -58.66728544606088 , 84 ] ,
[ 54.46701183584914 , -58.85482531403725 , 85 ] ,
[ 54.44565916418975 , -59.035686756207156 , 86 ] ,
[ 54.416520950790876 , -59.20955701562456 , 87 ] ,
[ 54.37922748028567 , -59.37613524433387 , 88 ] ,
[ 54.333424938068354 , -59.53513353996185 , 89 ] ,
[ 54.27877664671184 , -59.68627792310452 , 90 ] ,
[ 54.21496422348094 , -59.829309255509436 , 91 ] ,
[ 54.141688658940176 , -59.96398409905274 , 92 ] ,
[ 54.05867131665909 , -60.090075515510534 , 93 ] ,
[ 53.96565485401143 , -60.20737380712797 , 94 ] ,
[ 53.86240406407194 , -60.31568719798044 , 95 ] ,
[ 53.74870663860663 , -60.41484245613119 , 96 ] ,
[ 53.62437385216093 , -60.504685456584475 , 97 ] ,
[ 53.489241167240664 , -60.58508168503344 , 98 ] ,
[ 53.34316876059299 , -60.65591668240215 , 99 ] ,
[ 53.18604197057801 , -60.71709643018408 , 100 ] ,
[ 53.017771665639735 , -60.768547676575764 , 101 ] ,
[ 52.83829453387211 , -60.81021820340394 , 102 ] ,
[ 52.647573293678434 , -60.842077033849044 , 103 ] ,
[ 52.44559682552988 , -60.86411458096435 , 104 ] ,
[ 52.232380224816076 , -60.876342736988754 , 105 ] ,
[ 52.00796477579537 , -60.87879490345566 , 106 ] ,
[ 51.77241784663656 , -60.87152596209625 , 107 ] ,
[ 51.52583270555957 , -60.85461218653875 , 108 ] ,
[ 51.26832825806995 , -60.82815109480222 , 109 ] ,
[ 51.00004870529136 , -60.792261242585774 , 110 ] ,
[ 50.72116312338896 , -60.74708195735178 , 111 ] ,
[ 50.43186496409447 , -60.69277301320587 , 112 ] ,
[ 50.132371476321815 , -60.629514246572235 , 113 ] ,
[ 49.8229230488832 , -60.557505112659804 , 114 ] ,
[ 49.503782474294994 , -60.47696418273031 , 115 ] ,
[ 49.175234133684626 , -60.388128582155865 , 116 ] ,
[ 48.837583102791804 , -60.291253369274656 , 117 ] ,
[ 48.49115417906279 , -60.186610855039916 , 118 ] ,
[ 48.136290829843254 , -60.07448986346563 , 119 ] ,
[ 47.77335406166562 , -59.95519493286546 , 120 ] ,
[ 47.40272121063358 , -59.82904545788985 , 121 ] ,
[ 47.024784653896454 , -59.69637477235402 , 122 ] ,
[ 46.63995044223069 , -59.55752917286449 , 123 ] ,
[ 46.24863685370456 , -59.41286688323974 , 124 ] ,
[ 45.8512728684465 , -59.26275695972493 , 125 ] ,
[ 45.44829656450471 , -59.107578137003635 , 126 ] ,
[ 45.04015343480799 , -58.94771761500159 , 127 ] ,
[ 44.62729462521464 , -58.7835697864901 , 128 ] ,
[ 44.2101750936644 , -58.6155349054806 , 129 ] ,
[ 43.78925169041873 , -58.44401769641491 , 130 ] ,
[ 43.36498115940709 , -58.269425904153024 , 131 ] ,
[ 42.93781806065442 , -58.09216878475424 , 132 ] ,
[ 42.50821261381985 , -57.91265553705232 , 133 ] ,
[ 42.076608462818506 , -57.73129367502747 , 134 ] ,
[ 41.64344036154616 , -57.54848734097265 , 135 ] ,
[ 41.20913178070025 , -57.36463555945724 , 136 ] ,
[ 40.77409243568619 , -57.180130432080006 , 137 ] ,
[ 40.33871573563687 , -56.995355273025105 , 138 ] ,
[ 39.90337615351029 , -56.81068268540587 , 139 ] ,
[ 39.46842651729299 , -56.626472578409114 , 140 ] ,
[ 39.034195222298656 , -56.443070125229944 , 141 ] ,
[ 38.60098336455669 , -56.2608036618075 , 142 ] ,
[ 38.16906179530575 , -56.079982526347706 , 143 ] ,
[ 37.73866809656863 , -55.90089483965037 , 144 ] ,
[ 37.310003477842855 , -55.72380522622366 , 145 ] ,
[ 36.883229593866474 , -55.548952476199084 , 146 ] ,
[ 36.4584652834937 , -55.37654714803651 , 147 ] ,
[ 36.035783229656865 , -55.20676911202977 , 148 ] ,
[ 35.61520654043538 , -55.039765034602816 , 149 ] ,
[ 35.19670525120646 , -54.8756458034038 , 150 ] ,
[ 34.780192747903065 , -54.71448389319404 , 151 ] ,
[ 34.36552211136016 , -54.556310672529 , 152 ] ,
[ 33.95248238276264 , -54.40111365123791 , 153 ] ,
[ 33.54079475018236 , -54.24883366869678 , 154 ] ,
[ 33.13010865621514 , -54.09936202290127 , 155 ] ,
[ 32.719997826714135 , -53.95253754032276 , 156 ] ,
[ 32.309956220617735 , -53.80814358657263 , 157 ] ,
[ 31.899393900865128 , -53.665905017854485 , 158 ] ,
[ 31.487632826429966 , -53.52548507321462 , 159 ] ,
[ 31.073902565417406 , -53.38648220758326 , 160 ] ,
[ 30.65733592929064 , -53.24842686561605 , 161 ] ,
[ 30.236964528159596 , -53.11077819632914 , 162 ] ,
[ 29.81171424720239 , -52.97292070852572 , 163 ] ,
[ 29.380400644142604 , -52.83416086702243 , 164 ] ,
[ 28.94172426785478 , -52.69372362966979 , 165 ] ,
[ 28.494265898051623 , -52.55074892516446 , 166 ] ,
[ 28.03648170606138 , -52.40428807166241 , 167 ] ,
[ 27.566698336717813 , -52.253300136178474 , 168 ] ,
[ 27.083107911321868 , -52.09664823479459 , 169 ] ,
[ 26.583762951732645 , -51.93309577364643 , 170 ] ,
[ 26.06657122550883 , -51.761302630720195 , 171 ] ,
[ 25.529290512197072 , -51.579821278434075 , 172 ] ,
[ 24.969523290672072 , -51.38709284702142 , 173 ] ,
[ 24.384711347600188 , -51.18144312869902 , 174 ] ,
[ 23.772130306978163 , -50.96107852265351 , 175 ] ,
[ 23.128884080797675 , -50.724081920788784 , 176 ] ,
[ 22.451899240761733 , -50.46840853429973 , 177 ] ,
[ 21.737919311140217 , -50.19188166102061 , 178 ] ,
[ 20.983498982695316 , -49.89218839358394 , 179 ] ,
[ 20.18499824770761 , -49.56687526835779 , 180 ] ,
[ 19.33857645610545 , -49.21334385519109 , 181 ] ,
[ 18.4401862926763 , -48.82884628795514 , 182 ] ,
[ 17.485567675387777 , -48.41048073586709 , 183 ] ,
[ 16.47024157479744 , -47.95518681561847 , 184 ] ,
[ 15.38950375455495 , -47.459740944298304 , 185 ] ,
[ 14.238418433008594 , -46.92075163311291 , 186 ] ,
[ 13.011811865904923 , -46.33465472189376 , 187 ] ,
[ 11.704265850170147 , -45.697708554401224 , 188 ] ,
[ 10.310111148815547 , -45.005989094433936 , 189 ] ,
[ 8.823420836912753 , -44.25538498272461 , 190 ] ,
[ 7.238003568670251 , -43.44159253462722 , 191 ] ,
[ 5.547396765620283 , -42.56011067861076 , 192 ] ,
[ 3.744859725881269 , -41.60623583553318 , 193 ] ,
[ 1.8233666545325944 , -40.57505673873529 , 194 ] ,
[ -0.22440038493635184 , -39.46144919489169 , 195 ] ,
[ -2.4060585980436002 , -38.260070785692534 , 196 ] ,
[ -4.729531665686702 , -36.96535551030846 , 197 ] ,
[ -7.203057029369766 , -35.571508368644686 , 198 ] ,
[ -9.835193255373271 , -34.07249988538244 , 199 ]];